10
33
7
2
0

---------------------

713
223
439
0

---------------------

133
5
6
0

---------------------

4108597
17
67898
0

---------------------

300217
17
33
0

--------------------------

3658315382137043
17
123456
0

---------------------

47594980475625417724408267823112764463863576918685226363032787239910118740004860624166859668486833021538759738968887527
17
12345678908765435451231232435465767657456453453465475654264325
0

---------------------

145906768007583323230186939349070635292401872375357164399581871019873438799005358938369571402670149802121818086292467422828157022922076746906543401224889672472407926969987100581290103199317858753663710862357656510507883714297115637342788911463535102712032765166518411726859837988672111837205085526346618740053
65537
1976620216402300889624482718775150
0

---------------------

300217
17
HI
0

---------------------

3658315382137043
17
Poula_
0

---------------------

47594980475625417724408267823112764463863576918685226363032787239910118740004860624166859668486833021538759738968887527
22397637870882549517368596622641300924171095020557753582603446902846197377658196974714575577237681892436409853219169457
HelloWOrld
0

---------------------

47594980475625417724408267823112764463863576918685226363032787239910118740004860624166859668486833021538759738968887527
22397637870882549517368596622641300924171095020557753582603446902846197377658196974714575577237681892436409853219169457
Po0la_AteEf3
0

---------------------

47594980475625417724408267823112764463863576918685226363032787239910118740004860624166859668486833021538759738968887527
22397637870882549517368596622641300924171095020557753582603446902846197377658196974714575577237681892436409853219169457
FacuLtyOfComputerAndInfo
0

---------------------

47594980475625417724408267823112764463863576918685226363032787239910118740004860624166859668486833021538759738968887527
22397637870882549517368596622641300924171095020557753582603446902846197377658196974714575577237681892436409853219169457
MaNoFSTEEL.NetTOnGitHub
0

---------------------

145906768007583323230186939349070635292401872375357164399581871019873438799005358938369571402670149802121818086292467422828157022922076746906543401224889672472407926969987100581290103199317858753663710862357656510507883714297115637342788911463535102712032765166518411726859837988672111837205085526346618740053
65537
GoodMornigMadamEvaKhaled
0

---------------------

145906768007583323230186939349070635292401872375357164399581871019873438799005358938369571402670149802121818086292467422828157022922076746906543401224889672472407926969987100581290103199317858753663710862357656510507883714297115637342788911463535102712032765166518411726859837988672111837205085526346618740053
65537
IWAntToGotOScHoolEaRlyWithTofe
0